255 255 255 255 255 255 255 255 255 255 255 255 255 255 255 255
255 255 255 255 248 255 247 254 247 255 249 248 255 255 255 255
255 255 123 146  24 112  86  61   0 158 199  24 146 123 255 255
255 255 146 165  24  56 104  16 144 200  56  24 165 146 255 255
255 248  24  24  46 236 120 195 215 121 236  46  24  24 248 255
255 255 112 137 255 211  26 168 215 229 168  56 137 255 255 255
255 247  86 255 120 120 199 141 255  64 132 242 151  86 247 255
255 247 155 231 215 215 114  67 249 236 208   4  87 244 254 255
255 247 155 231 215  47 101  34  34  21  87 219   0 183 247 255
255 255 169   0 121 229  64 122 236 191 255  24 129 131 251 255
255 249 199 255 236 168  30 208  87  26 211  74  56 143 247 255
255 248  24  24  46  56 135 199 219 120  56  46 118 166 247 255
255 255 146 165  24 174 104 128 128  80 137 255 132  74 247 255
255 255 123 146  24 199 124 100 255  86  40 183  72 235 253 255
255 255 255 255 248 249 251 255 255 247 247 247 255 253 255 255
255 255 255 255 255 255 255 255 255 255 255 255 255 255 255 255
255 255 255 255 255 255 255 255 255 255 255 255 255 255 255 255
255 255 255 255 248 255 247 254 247 255 249 248 255 255 255 255
255 255 123 146  24 112  86  61   0 158 199  24 146 123 255 255
255 255 146 165  24  56 104  16 144 200  56  24 165 146 255 255
255 248  24  24  46 236 120 195 215 121 236  46  24  24 248 255
255 255 112 137 255 211  26 168 215 229 168  56 137 255 255 255
255 247  86 255 120 120 199 141 255  64 132 242 151  86 247 255
255 247 155 231 215 215 114  67 249 236 208   4  87 244 254 255
255 247 155 231 215  47 101  34  34  21  87 219   0 183 247 255
255 255 169   0 121 229  64 122 236 191 255  24 129 131 251 255
255 249 199 255 236 168  30 208  87  26 211  74  56 143 247 255
255 248  24  24  46  56 135 199 219 120  56  46 118 166 247 255
255 255 146 165  24 174 104 128 128  80 137 255 132  74 247 255
255 255 123 146  24 199 124 100 255  86  40 183  72 235 253 255
255 255 255 255 248 249 251 255 255 247 247 247 255 253 255 255
255 255 255 255 255 255 255 255 255 255 255 255 255 255 255 255
255 255 255 255 255 255 255 255 255 255 255 255 255 255 255 255
255 255 255 255 248 255 247 254 247 255 249 248 255 255 255 255
255 255 123 146  24 112  86  61   0 158 199  24 146 123 255 255
255 255 146 165  24  56 104  16 144 200  56  24 165 146 255 255
255 248  24  24  46 236 120 195 215 121 236  46  24  24 248 255
255 255 112 137 255 211  26 168 215 229 168  56 137 255 255 255
255 247  86 255 120 120 199 141 255  64 132 242 151  86 247 255
255 247 155 231 215 215 114  67 249 236 208   4  87 244 254 255
255 247 155 231 215  47 101  34  34  21  87 219   0 183 247 255
255 255 169   0 121 229  64 122 236 191 255  24 129 131 251 255
255 249 199 255 236 168  30 208  87  26 211  74  56 143 247 255
255 248  24  24  46  56 135 199 219 120  56  46 118 166 247 255
255 255 146 165  24 174 104 128 128  80 137 255 132  74 247 255
255 255 123 146  24 199 124 100 255  86  40 183  72 235 253 255
255 255 255 255 248 249 251 255 255 247 247 247 255 253 255 255
255 255 255 255 255 255 255 255 255 255 255 255 255 255 255 255

255 255 255 255 255 255 255 255 255 255 255 255 255 255 255 255
255 255 255 255 248 255 247 254 247 251 247 247 247 253 255 255
255 255 123 146  24 255  86 244 183 131 143 166  74 235 253 255
255 255 146 165  24 137 151  87   0 129  56 118 132  72 255 255
255 248  24  24  46  56 242   4 219  24  74  46 255 183 247 255
255 249 199  56 236 168 132 208  87 255 211  56 137  40 247 255
255 255 158 200 121 229  64 236  21 191  26 120  80  86 247 255
255 247   0 144 215 215 255 249  34 236  87 219 128 255 255 255
255 254  61  16 195 168 141  67  34 122 208 199 128 100 255 255
255 247  86 104 120  26 199 114 101  64  30 135 104 124 251 255
255 255 112  56 236 211 120 215  47 229 168  56 174 199 249 255
255 248  24  24  46 255 120 215 215 121 236  46  24  24 248 255
255 255 146 165  24 137 255 231 231   0 255  24 165 146 255 255
255 255 123 146  24 112  86 155 155 169 199  24 146 123 255 255
255 255 255 255 248 255 247 247 247 255 249 248 255 255 255 255
255 255 255 255 255 255 255 255 255 255 255 255 255 255 255 255
255 255 255 255 255 255 255 255 255 255 255 255 255 255 255 255
255 255 255 255 248 255 247 254 247 251 247 247 247 253 255 255
255 255 123 146  24 255  86 244 183 131 143 166  74 235 253 255
255 255 146 165  24 137 151  87   0 129  56 118 132  72 255 255
255 248  24  24  46  56 242   4 219  24  74  46 255 183 247 255
255 249 199  56 236 168 132 208  87 255 211  56 137  40 247 255
255 255 158 200 121 229  64 236  21 191  26 120  80  86 247 255
255 247   0 144 215 215 255 249  34 236  87 219 128 255 255 255
255 254  61  16 195 168 141  67  34 122 208 199 128 100 255 255
255 247  86 104 120  26 199 114 101  64  30 135 104 124 251 255
255 255 112  56 236 211 120 215  47 229 168  56 174 199 249 255
255 248  24  24  46 255 120 215 215 121 236  46  24  24 248 255
255 255 146 165  24 137 255 231 231   0 255  24 165 146 255 255
255 255 123 146  24 112  86 155 155 169 199  24 146 123 255 255
255 255 255 255 248 255 247 247 247 255 249 248 255 255 255 255
255 255 255 255 255 255 255 255 255 255 255 255 255 255 255 255
255 255 255 255 255 255 255 255 255 255 255 255 255 255 255 255
255 255 255 255 248 255 247 254 247 251 247 247 247 253 255 255
255 255 123 146  24 255  86 244 183 131 143 166  74 235 253 255
255 255 146 165  24 137 151  87   0 129  56 118 132  72 255 255
255 248  24  24  46  56 242   4 219  24  74  46 255 183 247 255
255 249 199  56 236 168 132 208  87 255 211  56 137  40 247 255
255 255 158 200 121 229  64 236  21 191  26 120  80  86 247 255
255 247   0 144 215 215 255 249  34 236  87 219 128 255 255 255
255 254  61  16 195 168 141  67  34 122 208 199 128 100 255 255
255 247  86 104 120  26 199 114 101  64  30 135 104 124 251 255
255 255 112  56 236 211 120 215  47 229 168  56 174 199 249 255
255 248  24  24  46 255 120 215 215 121 236  46  24  24 248 255
255 255 146 165  24 137 255 231 231   0 255  24 165 146 255 255
255 255 123 146  24 112  86 155 155 169 199  24 146 123 255 255
255 255 255 255 248 255 247 247 247 255 249 248 255 255 255 255
255 255 255 255 255 255 255 255 255 255 255 255 255 255 255 255

255 255 255 255 255 255 255 255 255 255 255 255 255 255 255 255
255 214 210 221 223 197 192 174 222 187 165 166 159 157 215 255
255 178 179  87 172  84 111 220 163 133 126  66 102 102 159 255
255 175 116  83 141 102  92  72 166  96 159  71 112 113 159 255
255 164 128  86 121  47 123 186 109 121  43  81  82  76 177 255
255 237 183 100  51 132  60  56 193 122 158 149 219 157 219 255
255 158 123 132  58 165 138 175 187  92 147 102 123 129 201 255
255 200 157  66 137 104  52 118  91  66 139 158 222 111 225 255
255 156 179 155  37 172 184 201  85 141 238 165 225 158 223 255
255 182 113 106 152 110 123 244 178 196 140 124 164 116 239 255
255 210 178 212  62  79 155 101 193  63 125 155 149  95 219 255
255 169  68  75  83 145 113 136 121 116 136  75  71  66 174 255
255 159 102 112  82  87 115  93 144 126 180  75 105 107 159 255
255 157 102 113  79 156 167  75  47  76 119  68 107 105 159 255
255 215 159 159 181 206 195 210 160 232 210 176 159 159 219 255
255 255 255 255 255 255 255 255 255 255 255 255 255 255 255 255
255 255 255 255 255 255 255 255 255 255 255 255 255 255 255 255
255 214 210 221 223 197 192 174 222 187 165 166 159 157 215 255
255 178 179  87 172  84 111 220 163 133 126  66 102 102 159 255
255 175 116  83 141 102  92  72 166  96 159  71 112 113 159 255
255 164 128  86 121  47 123 186 109 121  43  81  82  76 177 255
255 237 183 100  51 132  60  56 193 122 158 149 219 157 219 255
255 158 123 132  58 165 138 175 187  92 147 102 123 129 201 255
255 200 157  66 137 104  52 118  91  66 139 158 222 111 225 255
255 156 179 155  37 172 184 201  85 141 238 165 225 158 223 255
255 182 113 106 152 110 123 244 178 196 140 124 164 116 239 255
255 210 178 212  62  79 155 101 193  63 125 155 149  95 219 255
255 169  68  75  83 145 113 136 121 116 136  75  71  66 174 255
255 159 102 112  82  87 115  93 144 126 180  75 105 107 159 255
255 157 102 113  79 156 167  75  47  76 119  68 107 105 159 255
255 215 159 159 181 206 195 210 160 232 210 176 159 159 219 255
255 255 255 255 255 255 255 255 255 255 255 255 255 255 255 255
255 255 255 255 255 255 255 255 255 255 255 255 255 255 255 255
255 214 210 221 223 197 192 174 222 187 165 166 159 157 215 255
255 178 179  87 172  84 111 220 163 133 126  66 102 102 159 255
255 175 116  83 141 102  92  72 166  96 159  71 112 113 159 255
255 164 128  86 121  47 123 186 109 121  43  81  82  76 177 255
255 237 183 100  51 132  60  56 193 122 158 149 219 157 219 255
255 158 123 132  58 165 138 175 187  92 147 102 123 129 201 255
255 200 157  66 137 104  52 118  91  66 139 158 222 111 225 255
255 156 179 155  37 172 184 201  85 141 238 165 225 158 223 255
255 182 113 106 152 110 123 244 178 196 140 124 164 116 239 255
255 210 178 212  62  79 155 101 193  63 125 155 149  95 219 255
255 169  68  75  83 145 113 136 121 116 136  75  71  66 174 255
255 159 102 112  82  87 115  93 144 126 180  75 105 107 159 255
255 157 102 113  79 156 167  75  47  76 119  68 107 105 159 255
255 215 159 159 181 206 195 210 160 232 210 176 159 159 219 255
255 255 255 255 255 255 255 255 255 255 255 255 255 255 255 255

255 255 255 255 255 255 255 255 255 255 255 255 255 255 255 255
255 215 158 159 172 217 199 220 220 233 217 172 159 158 215 255
255 158 103 108  72 160 132 116 160 121  89  70 108 103 158 255
255 159 108 113  78 219 122 223 223 165 148  75 113 108 159 255
255 172  70  75  81 147 101 162 165 128 153  81  81  73 175 255
255 168 121 163  38 159 150 138 234 147 129 133 177 111 208 255
255 191 136  95 115 122  98  71 133 194  65 118 134  78 227 255
255 223 168 166 110 190 183  88  91 183 193 119 142  44 159 255
255 172 219  75 192  53 179 119 201 246 102 139  91  79 207 255
255 200 107  97 119  65 141  47 186 119 160 112 111 165 192 255
255 201  86  99  51 129 169 103 170 109  78 145  94 163 204 255
255 231 170 143 119  54  54 139  38 155  59  83  78  75 175 255
255 219  93  87  81 103 129  64 149 110 209  81 113 108 159 255
255 209 177 110 124 179 123 153 175 114 179  73 108 103 158 255
255 217 182 178 168 239 162 207 159 189 208 175 159 158 215 255
255 255 255 255 255 255 255 255 255 255 255 255 255 255 255 255
255 255 255 255 255 255 255 255 255 255 255 255 255 255 255 255
255 215 158 159 172 217 199 220 220 233 217 172 159 158 215 255
255 158 103 108  72 160 132 116 160 121  89  70 108 103 158 255
255 159 108 113  78 219 122 223 223 165 148  75 113 108 159 255
255 172  70  75  81 147 101 162 165 128 153  81  81  73 175 255
255 168 121 163  38 159 150 138 234 147 129 133 177 111 208 255
255 191 136  95 115 122  98  71 133 194  65 118 134  78 227 255
255 223 168 166 110 190 183  88  91 183 193 119 142  44 159 255
255 172 219  75 192  53 179 119 201 246 102 139  91  79 207 255
255 200 107  97 119  65 141  47 186 119 160 112 111 165 192 255
255 201  86  99  51 129 169 103 170 109  78 145  94 163 204 255
255 231 170 143 119  54  54 139  38 155  59  83  78  75 175 255
255 219  93  87  81 103 129  64 149 110 209  81 113 108 159 255
255 209 177 110 124 179 123 153 175 114 179  73 108 103 158 255
255 217 182 178 168 239 162 207 159 189 208 175 159 158 215 255
255 255 255 255 255 255 255 255 255 255 255 255 255 255 255 255
255 255 255 255 255 255 255 255 255 255 255 255 255 255 255 255
255 215 158 159 172 217 199 220 220 233 217 172 159 158 215 255
255 158 103 108  72 160 132 116 160 121  89  70 108 103 158 255
255 159 108 113  78 219 122 223 223 165 148  75 113 108 159 255
255 172  70  75  81 147 101 162 165 128 153  81  81  73 175 255
255 168 121 163  38 159 150 138 234 147 129 133 177 111 208 255
255 191 136  95 115 122  98  71 133 194  65 118 134  78 227 255
255 223 168 166 110 190 183  88  91 183 193 119 142  44 159 255
255 172 219  75 192  53 179 119 201 246 102 139  91  79 207 255
255 200 107  97 119  65 141  47 186 119 160 112 111 165 192 255
255 201  86  99  51 129 169 103 170 109  78 145  94 163 204 255
255 231 170 143 119  54  54 139  38 155  59  83  78  75 175 255
255 219  93  87  81 103 129  64 149 110 209  81 113 108 159 255
255 209 177 110 124 179 123 153 175 114 179  73 108 103 158 255
255 217 182 178 168 239 162 207 159 189 208 175 159 158 215 255
255 255 255 255 255 255 255 255 255 255 255 255 255 255 255 255
